# point light at the center
light 0.00 0.00 0.0 0.0 1.00 0.24 0.96 0
light 0.00 0.00 0.0 0.0 0.42 0.30 0.08 0

# inner 5 point ring
circle  0.000 -0.620 0.15 1.50 1.00 0.52 0.88 2
circle  0.590 -0.192 0.15 1.50 1.00 0.52 0.88 2
circle  0.364  0.502 0.15 1.50 1.00 0.52 0.88 2
circle -0.364  0.502 0.15 1.50 1.00 0.52 0.88 2
circle -0.590 -0.192 0.15 1.50 1.00 0.52 0.88 2

# outer 10 point ring
circle  0.000 -1.450 0.130 1.34 0.24 0.70 0.18 2
black_hole  0.852 -1.173 1.75e26
circle  1.379 -0.448 0.130 1.34 0.24 0.70 0.18 2
black_hole  1.379  0.448 1.75e26
circle  0.852  1.173 0.130 1.34 0.24 0.70 0.18 2
black_hole  0.000  1.450 1.75e26
circle -0.852  1.173 0.130 1.34 0.24 0.70 0.18 2
black_hole -1.379  0.448 1.75e26
circle -1.379 -0.448 0.130 1.34 0.24 0.70 0.18 2
black_hole -0.852 -1.173 1.75e26

# middle 5-point ring
circle -0.494 -0.680 0.11 1.52 1.00 0.30 0.72 2
circle  0.494 -0.680 0.11 1.52 1.00 0.30 0.72 2
circle  0.799  0.260 0.11 1.52 1.00 0.30 0.72 2
circle  0.000  0.840 0.11 1.52 1.00 0.30 0.72 2
circle -0.799  0.260 0.11 1.52 1.00 0.30 0.72 2

# five compact golden stamens
circle  0.000 -0.190 0.035 1.42 1.00 0.92 0.50 2
circle  0.181 -0.059 0.035 1.42 1.00 0.92 0.50 2
circle  0.112  0.154 0.035 1.42 1.00 0.92 0.50 2
circle -0.112  0.154 0.035 1.42 1.00 0.92 0.50 2
circle -0.181 -0.059 0.035 1.42 1.00 0.92 0.50 2

# soft blush petal base ring
circle  0.576 -0.793 0.140 1.44 1.00 0.36 0.76 2
circle  0.932  0.303 0.140 1.44 1.00 0.36 0.76 2
circle  0.000  0.980 0.140 1.44 1.00 0.36 0.76 2
circle -0.932  0.303 0.140 1.44 1.00 0.36 0.76 2
circle -0.576 -0.793 0.140 1.44 1.00 0.36 0.76 2

# blush lenses inside each black hole petal
circle  0.647 -0.890 0.160 1.42 1.00 0.26 0.66 2
circle  1.046  0.340 0.160 1.42 1.00 0.26 0.66 2
circle  0.000  1.100 0.160 1.42 1.00 0.26 0.66 2
circle -1.046  0.340 0.160 1.42 1.00 0.26 0.66 2
circle -0.647 -0.890 0.160 1.42 1.00 0.26 0.66 2

# LEAVES OH GOD SO MANY LEAVES
circle -0.060 -1.570 0.070 1.240 0.50 1.00 0.23 2
circle -0.060 -1.630 0.064 1.230 0.47 1.00 0.22 2
circle -0.060 -1.690 0.058 1.220 0.44 0.98 0.21 2
circle -0.060 -1.750 0.052 1.210 0.40 0.93 0.20 2
circle -0.060 -1.810 0.046 1.200 0.36 0.87 0.18 2
circle -0.060 -1.870 0.040 1.180 0.32 0.81 0.17 2
circle -0.060 -1.930 0.034 1.160 0.28 0.75 0.15 2
circle -0.060 -1.990 0.028 1.150 0.25 0.69 0.14 2
circle -0.060 -2.050 0.022 1.130 0.21 0.63 0.13 2
circle -0.060 -2.100 0.017 1.110 0.18 0.57 0.12 2
circle 0.060 -1.570 0.070 1.240 0.50 1.00 0.23 2
circle 0.060 -1.630 0.064 1.230 0.47 1.00 0.22 2
circle 0.060 -1.690 0.058 1.220 0.44 0.98 0.21 2
circle 0.060 -1.750 0.052 1.210 0.40 0.93 0.20 2
circle 0.060 -1.810 0.046 1.200 0.36 0.87 0.18 2
circle 0.060 -1.870 0.040 1.180 0.32 0.81 0.17 2
circle 0.060 -1.930 0.034 1.160 0.28 0.75 0.15 2
circle 0.060 -1.990 0.028 1.150 0.25 0.69 0.14 2
circle 0.060 -2.050 0.022 1.130 0.21 0.63 0.13 2
circle 0.060 -2.100 0.017 1.110 0.18 0.57 0.12 2
circle 0.000 -1.530 0.046 1.220 0.44 0.93 0.22 2
circle 0.000 -1.600 0.045 1.210 0.42 0.91 0.21 2
circle 0.000 -1.670 0.043 1.200 0.39 0.87 0.20 2
circle 0.000 -1.740 0.041 1.190 0.36 0.83 0.19 2
circle 0.000 -1.820 0.036 1.180 0.33 0.79 0.18 2
circle 0.000 -1.900 0.031 1.160 0.29 0.73 0.16 2
circle 0.000 -1.980 0.025 1.150 0.26 0.67 0.15 2
circle 0.000 -2.060 0.019 1.130 0.22 0.61 0.13 2
circle 0.000 -2.130 0.013 1.110 0.19 0.55 0.12 2
circle 0.000 -2.180 0.009 1.100 0.18 0.55 0.11 2
circle 1.475 -0.542 0.070 1.240 0.50 1.00 0.23 2
circle 1.532 -0.561 0.064 1.230 0.47 1.00 0.22 2
circle 1.589 -0.579 0.058 1.220 0.44 0.98 0.21 2
circle 1.646 -0.598 0.052 1.210 0.40 0.93 0.20 2
circle 1.703 -0.616 0.046 1.200 0.36 0.87 0.18 2
circle 1.760 -0.635 0.040 1.180 0.32 0.81 0.17 2
circle 1.817 -0.653 0.034 1.160 0.28 0.75 0.15 2
circle 1.874 -0.672 0.028 1.150 0.25 0.69 0.14 2
circle 1.931 -0.690 0.022 1.130 0.21 0.63 0.13 2
circle 1.979 -0.706 0.017 1.110 0.18 0.57 0.12 2
circle 1.512 -0.428 0.070 1.240 0.50 1.00 0.23 2
circle 1.569 -0.447 0.064 1.230 0.47 1.00 0.22 2
circle 1.626 -0.465 0.058 1.220 0.44 0.98 0.21 2
circle 1.683 -0.484 0.052 1.210 0.40 0.93 0.20 2
circle 1.740 -0.502 0.046 1.200 0.36 0.87 0.18 2
circle 1.797 -0.521 0.040 1.180 0.32 0.81 0.17 2
circle 1.854 -0.539 0.034 1.160 0.28 0.75 0.15 2
circle 1.911 -0.558 0.028 1.150 0.25 0.69 0.14 2
circle 1.968 -0.576 0.022 1.130 0.21 0.63 0.13 2
circle 2.016 -0.592 0.017 1.110 0.18 0.57 0.12 2
circle 1.455 -0.473 0.046 1.220 0.44 0.93 0.22 2
circle 1.522 -0.494 0.045 1.210 0.42 0.91 0.21 2
circle 1.588 -0.516 0.043 1.200 0.39 0.87 0.20 2
circle 1.655 -0.538 0.041 1.190 0.36 0.83 0.19 2
circle 1.731 -0.562 0.036 1.180 0.33 0.79 0.18 2
circle 1.807 -0.587 0.031 1.160 0.29 0.73 0.16 2
circle 1.883 -0.612 0.025 1.150 0.26 0.67 0.15 2
circle 1.959 -0.636 0.019 1.130 0.22 0.61 0.13 2
circle 2.026 -0.658 0.013 1.110 0.19 0.55 0.12 2
circle 2.073 -0.674 0.009 1.100 0.18 0.55 0.11 2
circle 0.955 1.222 0.076 1.240 0.51 1.00 0.23 2
circle 0.867 1.286 0.076 1.240 0.51 1.00 0.23 2
circle 0.911 1.254 0.059 1.230 0.49 1.00 0.23 2
circle 0.981 1.264 0.073 1.238 0.49 1.00 0.23 2
circle 0.899 1.324 0.073 1.238 0.49 1.00 0.23 2
circle 0.940 1.294 0.057 1.228 0.47 1.00 0.23 2
circle 1.008 1.307 0.070 1.235 0.47 1.00 0.22 2
circle 0.931 1.363 0.070 1.235 0.47 1.00 0.22 2
circle 0.970 1.335 0.055 1.225 0.45 1.00 0.22 2
circle 1.034 1.350 0.066 1.232 0.45 1.00 0.22 2
circle 0.964 1.401 0.066 1.232 0.45 1.00 0.22 2
circle 0.999 1.375 0.051 1.222 0.43 1.00 0.22 2
circle 1.061 1.392 0.061 1.228 0.42 0.97 0.21 2
circle 0.996 1.439 0.061 1.228 0.42 0.97 0.21 2
circle 1.028 1.416 0.048 1.218 0.40 0.97 0.21 2
circle 1.087 1.435 0.056 1.223 0.39 0.94 0.20 2
circle 1.028 1.477 0.056 1.223 0.39 0.94 0.20 2
circle 1.058 1.456 0.044 1.213 0.37 0.94 0.20 2
circle 1.113 1.478 0.051 1.218 0.36 0.90 0.19 2
circle 1.061 1.516 0.051 1.218 0.36 0.90 0.19 2
circle 1.087 1.497 0.040 1.208 0.34 0.90 0.19 2
circle 1.140 1.520 0.045 1.212 0.33 0.86 0.18 2
circle 1.093 1.554 0.045 1.212 0.33 0.86 0.18 2
circle 1.116 1.537 0.035 1.202 0.31 0.86 0.18 2
circle 1.166 1.563 0.040 1.205 0.30 0.82 0.17 2
circle 1.126 1.592 0.040 1.205 0.30 0.82 0.17 2
circle 1.146 1.578 0.031 1.195 0.28 0.82 0.17 2
circle 1.193 1.605 0.035 1.198 0.27 0.77 0.16 2
circle 1.158 1.631 0.035 1.198 0.27 0.77 0.16 2
circle 1.175 1.618 0.027 1.188 0.25 0.77 0.16 2
circle 1.219 1.648 0.030 1.190 0.24 0.72 0.15 2
circle 1.190 1.669 0.030 1.190 0.24 0.72 0.15 2
circle 1.205 1.658 0.023 1.180 0.22 0.72 0.15 2
circle 1.245 1.691 0.025 1.182 0.22 0.67 0.14 2
circle 1.223 1.707 0.025 1.182 0.22 0.67 0.14 2
circle 1.234 1.699 0.020 1.172 0.20 0.67 0.14 2
circle 1.272 1.733 0.021 1.173 0.20 0.62 0.13 2
circle 1.255 1.745 0.021 1.173 0.20 0.62 0.13 2
circle 1.263 1.739 0.016 1.163 0.18 0.62 0.13 2
circle 1.298 1.776 0.017 1.165 0.18 0.57 0.12 2
circle 1.287 1.784 0.017 1.165 0.18 0.57 0.12 2
circle 1.293 1.780 0.013 1.155 0.18 0.57 0.12 2
circle 1.325 1.819 0.013 1.155 0.18 0.55 0.11 2
circle 1.320 1.822 0.013 1.155 0.18 0.55 0.11 2
circle 1.322 1.820 0.010 1.145 0.18 0.55 0.11 2
circle 1.346 1.853 0.009 1.145 0.18 0.55 0.10 2
circle 1.346 1.853 0.009 1.145 0.18 0.55 0.10 2
circle 1.346 1.853 0.007 1.135 0.18 0.55 0.10 2
circle 1.360 1.873 0.0060 1.140 0.18 0.55 0.10 2
circle 1.372 1.889 0.0045 1.135 0.18 0.55 0.09 2
circle 1.381 1.901 0.0032 1.130 0.18 0.55 0.09 2
circle -0.867 1.286 0.076 1.240 0.51 1.00 0.23 2
circle -0.955 1.222 0.076 1.240 0.51 1.00 0.23 2
circle -0.911 1.254 0.059 1.230 0.49 1.00 0.23 2
circle -0.899 1.324 0.073 1.238 0.49 1.00 0.23 2
circle -0.981 1.264 0.073 1.238 0.49 1.00 0.23 2
circle -0.940 1.294 0.057 1.228 0.47 1.00 0.23 2
circle -0.931 1.363 0.070 1.235 0.47 1.00 0.22 2
circle -1.008 1.307 0.070 1.235 0.47 1.00 0.22 2
circle -0.970 1.335 0.055 1.225 0.45 1.00 0.22 2
circle -0.964 1.401 0.066 1.232 0.45 1.00 0.22 2
circle -1.034 1.350 0.066 1.232 0.45 1.00 0.22 2
circle -0.999 1.375 0.051 1.222 0.43 1.00 0.22 2
circle -0.996 1.439 0.061 1.228 0.42 0.97 0.21 2
circle -1.061 1.392 0.061 1.228 0.42 0.97 0.21 2
circle -1.028 1.416 0.048 1.218 0.40 0.97 0.21 2
circle -1.028 1.477 0.056 1.223 0.39 0.94 0.20 2
circle -1.087 1.435 0.056 1.223 0.39 0.94 0.20 2
circle -1.058 1.456 0.044 1.213 0.37 0.94 0.20 2
circle -1.061 1.516 0.051 1.218 0.36 0.90 0.19 2
circle -1.113 1.478 0.051 1.218 0.36 0.90 0.19 2
circle -1.087 1.497 0.040 1.208 0.34 0.90 0.19 2
circle -1.093 1.554 0.045 1.212 0.33 0.86 0.18 2
circle -1.140 1.520 0.045 1.212 0.33 0.86 0.18 2
circle -1.116 1.537 0.035 1.202 0.31 0.86 0.18 2
circle -1.126 1.592 0.040 1.205 0.30 0.82 0.17 2
circle -1.166 1.563 0.040 1.205 0.30 0.82 0.17 2
circle -1.146 1.578 0.031 1.195 0.28 0.82 0.17 2
circle -1.158 1.631 0.035 1.198 0.27 0.77 0.16 2
circle -1.193 1.605 0.035 1.198 0.27 0.77 0.16 2
circle -1.175 1.618 0.027 1.188 0.25 0.77 0.16 2
circle -1.190 1.669 0.030 1.190 0.24 0.72 0.15 2
circle -1.219 1.648 0.030 1.190 0.24 0.72 0.15 2
circle -1.205 1.658 0.023 1.180 0.22 0.72 0.15 2
circle -1.223 1.707 0.025 1.182 0.22 0.67 0.14 2
circle -1.245 1.691 0.025 1.182 0.22 0.67 0.14 2
circle -1.234 1.699 0.020 1.172 0.20 0.67 0.14 2
circle -1.255 1.745 0.021 1.173 0.20 0.62 0.13 2
circle -1.272 1.733 0.021 1.173 0.20 0.62 0.13 2
circle -1.263 1.739 0.016 1.163 0.18 0.62 0.13 2
circle -1.287 1.784 0.017 1.165 0.18 0.57 0.12 2
circle -1.298 1.776 0.017 1.165 0.18 0.57 0.12 2
circle -1.293 1.780 0.013 1.155 0.18 0.57 0.12 2
circle -1.320 1.822 0.013 1.155 0.18 0.55 0.11 2
circle -1.325 1.819 0.013 1.155 0.18 0.55 0.11 2
circle -1.322 1.820 0.010 1.145 0.18 0.55 0.11 2
circle -1.346 1.853 0.009 1.145 0.18 0.55 0.10 2
circle -1.346 1.853 0.009 1.145 0.18 0.55 0.10 2
circle -1.346 1.853 0.007 1.135 0.18 0.55 0.10 2
circle -1.360 1.873 0.0060 1.140 0.18 0.55 0.10 2
circle -1.372 1.889 0.0045 1.135 0.18 0.55 0.09 2
circle -1.381 1.901 0.0032 1.130 0.18 0.55 0.09 2
circle -1.512 -0.428 0.070 1.240 0.50 1.00 0.23 2
circle -1.569 -0.447 0.064 1.230 0.47 1.00 0.22 2
circle -1.626 -0.465 0.058 1.220 0.44 0.98 0.21 2
circle -1.683 -0.484 0.052 1.210 0.40 0.93 0.20 2
circle -1.740 -0.502 0.046 1.200 0.36 0.87 0.18 2
circle -1.797 -0.521 0.040 1.180 0.32 0.81 0.17 2
circle -1.854 -0.539 0.034 1.160 0.28 0.75 0.15 2
circle -1.911 -0.558 0.028 1.150 0.25 0.69 0.14 2
circle -1.968 -0.576 0.022 1.130 0.21 0.63 0.13 2
circle -2.016 -0.592 0.017 1.110 0.18 0.57 0.12 2
circle -1.475 -0.542 0.070 1.240 0.50 1.00 0.23 2
circle -1.532 -0.561 0.064 1.230 0.47 1.00 0.22 2
circle -1.589 -0.579 0.058 1.220 0.44 0.98 0.21 2
circle -1.646 -0.598 0.052 1.210 0.40 0.93 0.20 2
circle -1.703 -0.616 0.046 1.200 0.36 0.87 0.18 2
circle -1.760 -0.635 0.040 1.180 0.32 0.81 0.17 2
circle -1.817 -0.653 0.034 1.160 0.28 0.75 0.15 2
circle -1.874 -0.672 0.028 1.150 0.25 0.69 0.14 2
circle -1.931 -0.690 0.022 1.130 0.21 0.63 0.13 2
circle -1.979 -0.706 0.017 1.110 0.18 0.57 0.12 2
circle -1.455 -0.473 0.046 1.220 0.44 0.93 0.22 2
circle -1.522 -0.494 0.045 1.210 0.42 0.91 0.21 2
circle -1.588 -0.516 0.043 1.200 0.39 0.87 0.20 2
circle -1.655 -0.538 0.041 1.190 0.36 0.83 0.19 2
circle -1.731 -0.562 0.036 1.180 0.33 0.79 0.18 2
circle -1.807 -0.587 0.031 1.160 0.29 0.73 0.16 2
circle -1.883 -0.612 0.025 1.150 0.26 0.67 0.15 2
circle -1.959 -0.636 0.019 1.130 0.22 0.61 0.13 2
circle -2.026 -0.658 0.013 1.110 0.19 0.55 0.12 2
circle -2.073 -0.674 0.009 1.100 0.18 0.55 0.11 2