# same as icy, but darker!
light -1.18 1.55 0 0 0.02 0.68 1.00 0
light  1.18 1.55 0 0 0.24 0.02 0.98 0

circle 0.00 0.92 0.22 1.48 0.58 0.82 1.00 2
circle 0.00 0.35 0.36 1.54 0.64 0.86 1.00 2
circle 0.00 -0.38 0.46 1.50 0.58 0.82 1.00 2
circle 0.00 -1.10 0.25 1.58 0.64 0.86 1.00 2

circle -0.72 0.20 0.30 1.50 0.18 0.92 1.00 2
circle  0.72 0.20 0.30 1.50 0.42 0.18 1.00 2
circle -1.16 -0.38 0.21 1.44 0.48 0.85 1.00 2
circle  1.16 -0.38 0.21 1.44 0.52 0.40 1.00 2
circle -0.62 -0.92 0.18 1.52 0.22 0.96 1.00 2
circle  0.62 -0.92 0.18 1.52 0.46 0.20 1.00 2